  174.86 5460.77998   5460.735  HgI
  315.01 5769.57222   5769.598  HgI
  324.36 5790.66262   5790.663  HgI
  351.61 5852.44638   5852.488  NeI
  364.51 5881.88338   5881.895  NeI
  391.92  5944.7855   5944.834  NeI
  405.24 5975.52218   5975.534  NeI
  428.70 6029.93971   6029.997  NeI
  447.71 6074.29584   6074.338  NeI
  457.04 6096.16396   6096.163  NeI
  476.99   6143.071   6143.063  NeI
  485.67 6163.54735   6163.594  NeI
  508.36  6217.3276   6217.281  NeI
  529.01 6266.52562   6266.495  NeI
  545.00 6304.79016   6304.789  NeI
  557.35 6334.46565   6334.428  NeI
  577.49 6383.01944   6382.992  NeI
  585.45 6402.29757   6402.248  NeI
  628.31 6506.60241   6506.528  NeI
  639.07  6532.9523   6532.882  NeI
  665.92  6598.9823   6598.953  NeI
  697.98 6678.33389   6678.276  NeI
  713.56 6717.07062   6717.043  NeI
  798.07 6929.47232   6929.467  NeI
  893.62  7173.8538   7173.938  NeI
  921.17 7245.13284   7245.167  NeI
 1069.62 7635.06276   7635.106  ArI
 1103.00 7724.05271   7724.207  ArI
 1247.83 8115.27321   8115.311  ArI
 1290.38 8231.71025   8231.635  XeI
 1307.99 8280.09458   8280.117  XeI
 1315.41 8300.51241   8300.326  NeI
 1343.39  8377.6855   8377.608  NeI
 1385.86 8495.33138   8495.356  NeI
 1420.39 8591.42697   8591.258  NeI
 1442.95 8654.41268   8654.383  NeI
 1501.74 8819.31915   8819.411  XeI
 1548.84 8952.15642   8952.252  XeI
 1581.73 9045.32716    9045.45  XeI
 1623.02 9162.70474    9162.65  XeI
 1844.47 9799.76749     9799.7  XeI
 1886.90 9923.14521    9923.19  XeI
